0.000000000000000
0.000000441097654
0.000001763342880
0.000003963359632
0.000007035327144
0.000010971562006
0.000015761819668
0.000021393876523
0.000027852947824
0.000035122968256
0.000043184729293
0.000052017392591
0.000061598373577
0.000071902177297
0.000082902144641
0.000094569171779
0.000106872757897
0.000119780423120
0.000133257708512
0.000147268408909
0.000161775387824
0.000176738598384
0.000192118226551
0.000207871897146
0.000223955488764
0.000240325345658
0.000256934785284
0.000273736892268
0.000290683470666
0.000307726324536
0.000324815046042
0.000341899343766
0.000358927994967
0.000375848961994
0.000392610556446
0.000409160275012
0.000425444915891
0.000441411742941
0.000457008020021
0.000472180312499
0.000486876349896
0.000501043745317
0.000514629646204
0.000527582480572
0.000539851607755
0.000551385805011
0.000562136177905
0.000572053599171
0.000581089756452
0.000589198316447
0.000596333644353
0.000602451502346
0.000607508001849
0.000611462630332
0.000614274991676
0.000615906785242
0.000616321223788
0.000615483615547
0.000613361131400
0.000609922572039
0.000605139299296
0.000598984421231
0.000591433607042
0.000582464388572
0.000572057091631
0.000560193904676
0.000546860042959
0.000532043050043
0.000515733030625
0.000497922650538
0.000478607253172
0.000457785208710
0.000435457215644
0.000411626882851
0.000386301428080
0.000359489116818
0.000331203453243
0.000301458756439
0.000270273536444
0.000237668398768
0.000203667907044
0.000168298371136
0.000131589942612
0.000093575567007
0.000054289819673
0.000013772631064
-0.000027935777325
-0.000070790585596
-0.000114744645543
-0.000159748306032
-0.000205749238376
-0.000252691970672
-0.000300518469885
-0.000349168491084
-0.000398578937165
-0.000448684033472
-0.000499415735248
-0.000550704309717
-0.000602476648055
-0.000654658128042
-0.000707171857357
-0.000759938848205
-0.000812878308352
-0.000865907408297
-0.000918941514101
-0.000971894827671
-0.001024679047987
-0.001077205059119
-0.001129382755607
-0.001181119703688
-0.001232323353179
-0.001282899291255
-0.001332752639428
-0.001381788635626
-0.001429909374565
-0.001477019395679
-0.001523020677269
-0.001567815430462
-0.001611306215636
-0.001653395243920
-0.001693984610029
-0.001732977107167
-0.001770275295712
-0.001805782550946
-0.001839402946644
-0.001871041255072
-0.001900603063405
-0.001927995006554
-0.001953125000000
-0.001975901890546
-0.001996236154810
-0.002014040481299
-0.002029227558523
-0.002041713800281
-0.002051416318864
-0.002058254554868
-0.002062150277197
-0.002063027350232
-0.002060813130811
-0.002055434975773
-0.002046826062724
-0.002034919336438
-0.002019653562456
-0.002000967739150
-0.001978805987164
-0.001953114755452
-0.001923843170516
-0.001890945248306
-0.001854377216659
-0.001814099494368
-0.001770075643435
-0.001722273766063
-0.001670664642006
-0.001615223824047
-0.001555930590257
-0.001492767478339
-0.001425722148269
-0.001354785636067
-0.001279954216443
-0.001201226259582
-0.001118605956435
-0.001032101688907
-0.000941725680605
-0.000847494404297
-0.000749428989366
-0.000647554697935
-0.000541901623365
-0.000432503002230
-0.000319398008287
-0.000202628492843
-0.000082242011558
0.000041710154619
0.000169172999449
0.000300086045172
0.000434385961853
0.000572004006244
0.000712868000846
0.000856901519001
0.001004024525173
0.001154152676463
0.001307197846472
0.001463067485020
0.001621665782295
0.001782894833013
0.001946649514139
0.002112825168297
0.002281310968101
0.002451993990690
0.002624758053571
0.002799483714625
0.002976048737764
0.003154327627271
0.003334193024784
0.003515514079481
0.003698157379404
0.003881988581270
0.004066869150847
0.004252660553902
0.004439220298082
0.004626405891031
0.004814072046429
0.005002071149647
0.005190257914364
0.005378481000662
0.005566591396928
0.005754437763244
0.005941868294030
0.006128731183708
0.006314874626696
0.006500144023448
0.006684388034046
0.006867452524602
0.007049185223877
0.007229434791952
0.007408047560602
0.007584875449538
0.007759765721858
0.007932570762932
0.008103142492473
0.008271334692836
0.008437002077699
0.008600002154708
0.008760194294155
0.008917436935008
0.009071594104171
0.009222530759871
0.009370115585625
0.009514217264950
0.009654710069299
0.009791469201446
0.009924373589456
0.010053306818008
0.010178150609136
0.010298796929419
0.010415136814117
0.010527065955102
0.010634484700859
0.010737296193838
0.010835409164429
0.010928733274341
0.011017185635865
0.011100687086582
0.011179161258042
0.011252536438406
0.011320747435093
0.011383732780814
0.011441433802247
0.011493800207973
0.011540781706572
0.011582338251173
0.011618429794908
0.011649024672806
0.011674095876515
0.011693618260324
0.011707575991750
0.011715956032276
0.011718750000000
0.011715956032276
0.011707575991750
0.011693618260324
0.011674095876515
0.011649024672806
0.011618429794908
0.011582338251173
0.011540781706572
0.011493800207973
0.011441433802247
0.011383732780814
0.011320747435093
0.011252536438406
0.011179161258042
0.011100687086582
0.011017185635865
0.010928733274341
0.010835409164429
0.010737296193838
0.010634484700859
0.010527065955102
0.010415136814117
0.010298796929419
0.010178150609136
0.010053306818008
0.009924373589456
0.009791469201446
0.009654710069299
0.009514217264950
0.009370115585625
0.009222530759871
0.009071594104171
0.008917436935008
0.008760194294155
0.008600002154708
0.008437002077699
0.008271334692836
0.008103142492473
0.007932570762932
0.007759765721858
0.007584875449538
0.007408047560602
0.007229434791952
0.007049185223877
0.006867452524602
0.006684388034046
0.006500144023448
0.006314874626696
0.006128731183708
0.005941868294030
0.005754437763244
0.005566591396928
0.005378481000662
0.005190257914364
0.005002071149647
0.004814072046429
0.004626405891031
0.004439220298082
0.004252660553902
0.004066869150847
0.003881988581270
0.003698157379404
0.003515514079481
0.003334193024784
0.003154327627271
0.002976048737764
0.002799483714625
0.002624758053571
0.002451993990690
0.002281310968101
0.002112825168297
0.001946649514139
0.001782894833013
0.001621665782295
0.001463067485020
0.001307197846472
0.001154152676463
0.001004024525173
0.000856901519001
0.000712868000846
0.000572004006244
0.000434385961853
0.000300086045172
0.000169172999449
0.000041710154619
-0.000082242011558
-0.000202628492843
-0.000319398008287
-0.000432503002230
-0.000541901623365
-0.000647554697935
-0.000749428989366
-0.000847494404297
-0.000941725680605
-0.001032101688907
-0.001118605956435
-0.001201226259582
-0.001279954216443
-0.001354785636067
-0.001425722148269
-0.001492767478339
-0.001555930590257
-0.001615223824047
-0.001670664642006
-0.001722273766063
-0.001770075643435
-0.001814099494368
-0.001854377216659
-0.001890945248306
-0.001923843170516
-0.001953114755452
-0.001978805987164
-0.002000967739150
-0.002019653562456
-0.002034919336438
-0.002046826062724
-0.002055434975773
-0.002060813130811
-0.002063027350232
-0.002062150277197
-0.002058254554868
-0.002051416318864
-0.002041713800281
-0.002029227558523
-0.002014040481299
-0.001996236154810
-0.001975901890546
-0.001953125000000
-0.001927995006554
-0.001900603063405
-0.001871041255072
-0.001839402946644
-0.001805782550946
-0.001770275295712
-0.001732977107167
-0.001693984610029
-0.001653395243920
-0.001611306215636
-0.001567815430462
-0.001523020677269
-0.001477019395679
-0.001429909374565
-0.001381788635626
-0.001332752639428
-0.001282899291255
-0.001232323353179
-0.001181119703688
-0.001129382755607
-0.001077205059119
-0.001024679047987
-0.000971894827671
-0.000918941514101
-0.000865907408297
-0.000812878308352
-0.000759938848205
-0.000707171857357
-0.000654658128042
-0.000602476648055
-0.000550704309717
-0.000499415735248
-0.000448684033472
-0.000398578937165
-0.000349168491084
-0.000300518469885
-0.000252691970672
-0.000205749238376
-0.000159748306032
-0.000114744645543
-0.000070790585596
-0.000027935777325
0.000013772631064
0.000054289819673
0.000093575567007
0.000131589942612
0.000168298371136
0.000203667907044
0.000237668398768
0.000270273536444
0.000301458756439
0.000331203453243
0.000359489116818
0.000386301428080
0.000411626882851
0.000435457215644
0.000457785208710
0.000478607253172
0.000497922650538
0.000515733030625
0.000532043050043
0.000546860042959
0.000560193904676
0.000572057091631
0.000582464388572
0.000591433607042
0.000598984421231
0.000605139299296
0.000609922572039
0.000613361131400
0.000615483615547
0.000616321223788
0.000615906785242
0.000614274991676
0.000611462630332
0.000607508001849
0.000602451502346
0.000596333644353
0.000589198316447
0.000581089756452
0.000572053599171
0.000562136177905
0.000551385805011
0.000539851607755
0.000527582480572
0.000514629646204
0.000501043745317
0.000486876349896
0.000472180312499
0.000457008020021
0.000441411742941
0.000425444915891
0.000409160275012
0.000392610556446
0.000375848961994
0.000358927994967
0.000341899343766
0.000324815046042
0.000307726324536
0.000290683470666
0.000273736892268
0.000256934785284
0.000240325345658
0.000223955488764
0.000207871897146
0.000192118226551
0.000176738598384
0.000161775387824
0.000147268408909
0.000133257708512
0.000119780423120
0.000106872757897
0.000094569171779
0.000082902144641
0.000071902177297
0.000061598373577
0.000052017392591
0.000043184729293
0.000035122968256
0.000027852947824
0.000021393876523
0.000015761819668
0.000010971562006
0.000007035327144
0.000003963359632
0.000001763342880
0.000000441097654
